42883.000000 51014.000000 47856.000000 43213.000000 44887.000000 63711.000000 57459.000000 52526.000000 52254.000000 47331.000000 35395.000000 40589.000000 52275.000000 60953.000000 50590.000000 43049.000000 
31505.000000 38609.000000 33768.000000 29856.000000 30663.000000 41670.000000 41418.000000 35745.000000 38292.000000 36211.000000 21569.000000 27955.000000 38566.000000 40872.000000 35777.000000 34553.000000 
36995.000000 37221.000000 40874.000000 36008.000000 40482.000000 53905.000000 46782.000000 44441.000000 41869.000000 39209.000000 31211.000000 28933.000000 41210.000000 48853.000000 47724.000000 38601.000000 
38565.000000 41969.000000 45201.000000 42937.000000 39956.000000 54758.000000 48283.000000 49382.000000 49917.000000 48945.000000 25889.000000 36821.000000 49924.000000 52310.000000 50128.000000 43196.000000 
32354.000000 36702.000000 35495.000000 28327.000000 37385.000000 46482.000000 37114.000000 34524.000000 34571.000000 36079.000000 26363.000000 25370.000000 45663.000000 35470.000000 41457.000000 30414.000000 
39508.000000 42459.000000 46584.000000 38086.000000 43260.000000 60269.000000 45524.000000 45781.000000 44709.000000 44050.000000 31872.000000 30460.000000 52236.000000 47395.000000 46532.000000 41999.000000 
42192.000000 47984.000000 45078.000000 41130.000000 37085.000000 54052.000000 51045.000000 55256.000000 44290.000000 46590.000000 37172.000000 38827.000000 59604.000000 56036.000000 53207.000000 46303.000000 
42213.000000 46363.000000 42543.000000 40916.000000 42053.000000 55425.000000 52423.000000 46333.000000 44609.000000 43365.000000 35959.000000 35966.000000 49187.000000 53009.000000 53377.000000 43677.000000 
31505.000000 39682.000000 37280.000000 37710.000000 34719.000000 47528.000000 43032.000000 37323.000000 37603.000000 39852.000000 30018.000000 32247.000000 40342.000000 44827.000000 41275.000000 33042.000000 
30364.000000 35074.000000 27866.000000 26899.000000 34841.000000 38948.000000 39105.000000 29211.000000 27987.000000 30339.000000 25343.000000 20010.000000 38556.000000 30317.000000 36167.000000 31861.000000 
37435.000000 51081.000000 40179.000000 38790.000000 41203.000000 55284.000000 50137.000000 34962.000000 47623.000000 43620.000000 32087.000000 36986.000000 45540.000000 47962.000000 47935.000000 43529.000000 
35237.000000 40349.000000 35135.000000 31094.000000 33400.000000 45989.000000 42044.000000 38288.000000 35549.000000 35420.000000 26429.000000 30362.000000 45396.000000 41385.000000 40601.000000 38786.000000 
25510.000000 31282.000000 26152.000000 26403.000000 29105.000000 35401.000000 31199.000000 26380.000000 28430.000000 25334.000000 18391.000000 22569.000000 35662.000000 26774.000000 30159.000000 30677.000000 
41772.000000 34698.000000 43092.000000 36109.000000 46238.000000 57897.000000 51663.000000 44120.000000 37143.000000 42227.000000 31644.000000 27116.000000 44655.000000 46706.000000 46129.000000 38383.000000 
31362.000000 42726.000000 45314.000000 32777.000000 37474.000000 47937.000000 48143.000000 42332.000000 50227.000000 44055.000000 23365.000000 36455.000000 42046.000000 52380.000000 46937.000000 41495.000000 
29024.000000 28110.000000 28930.000000 30215.000000 25093.000000 36005.000000 35925.000000 34204.000000 32309.000000 31967.000000 25437.000000 24697.000000 30587.000000 38260.000000 32722.000000 25795.000000 
